80
443
7547
22
161
8089
8443
8085
8080
53
9000
123
4567
21
2000
8009
179
25
8008
554
2087
7170
5060
587
3306
8081
5353
993
465
8000
110
143
995
1701
1723
2083
2086
3389
8880
2082
111
8888
500
9100
2222
8291
5001
3000
9999
5000
9080
81
3001
7777
444
7001
8001
5985
10000
6001
9443
10443
3128
8083
6379
20000
8090
5555
9001
135
50000
6000
10001
5432
1024
14265
1194
4433
8728
23
4444
60000
8889
4443
6443
541
7443
40000
1080
8800
37777
1433
12345
445
9090
4000
8010
1883
12000
30005
5222
8200
88
8181
6666
1180
8086
2404
19000
1443
49152
9091
9002
2332
6002
9998
5672
5006
82
7000
10250
8099
33060
5010
11000
25565
3050
55000
35000
10134
6667
5007
58000
8883
5357
9600
1801
5009
9200
1337
5201
50001
2095
8087
32400
18081
5005
9876
5986
1177
4434
55443
4500
62078
2345
1234
9095
389
31337
9943
4150
666
1521
9306
26
888
3299
8123
8126
3268
83
52311
7071
2096
7171
2008
8098
7548
1800
8060
2761
41800
2762
43
4022
2628
6080
1935
4282
84
27015
9009
8554
9398
771
20880
25001
9092
873
4949
5025
8112
27017
2323
8188
2003
3333
102
8834
11112
22556
8069
20547
60001
28015
50805
55554
21025
21379
54138
20256
5900
44158
44818
32764
30003
8140
9042
9633
8139
8020
30002
2376
2081
51235
7415
10050
264
3790
4899
2121
10554
9051
636
2052
9151
63260
4911
14344
6668
9530
9333
4369
61616
61613
631
49153
3269
1025
50070
3460
5601
47990
55553
137
1515
4157
502
51005
11288
548
5269
4040
9160
16030
515
5858
16010
6432
50100
60129
4321
1099
4242
5435
18245
13579
7634
1911
6633
79
3310
4506
104
3260
113
119
9981
4063
37
9191
24442
2181
9418
3388
10911
7474
1414
7779
5938
49
13
10909
1200
9595
8649
11300
427
2154
19
21116
17
50050
1962
4848
1604
1400
2480
23023
11210
1153
1599
5560
70
2067
513
4786
992
11211
11
15
2375
195
8333
175
2455
789
52869
14147
9898
5984
4064
2002
8545
6697
8500
2053
3301
4840
47001
6653
8575
64295
9761
63210
55442
9800
221
3551
63256
2077
23424
51106
16993
28017
25105
8015
503
30006
6060
37215
902
60010
60030
8084
1050
7434
593
1926
8082
17000
3780
9944
311
9295
44444
3702
1023
49501
6881
1965
51007
122
8887
10243
7218
9869
5800
8886
5901
20002
8885
61234
11434
18789
8334
12324
12325
10324
11371
2379
4343
58603
12326
49502
16992
30001
12323
3478
5801
50011
5061
19071
21242
5172
7778
8002
20001
646
139
9527
7989
1311
4190
7657
6664
1925
3689
1741
4430
3541
1471
3542
7999
8091
4782
4664
3749
50995
22222
8190
7080
32080
8159
20121
8899
5090
18080
2079
6006
52951
52931
10004
6050
10020
5683
8100
8006
6505
21300
10030
10022
50999
30000
50996
49592
9003
10002
10225
52230
7050
8003
1344
1900
50012
55555
9888
2443
20201
8022
28443
8011
8445
50997
50080
10080
20082
20050
40005
51000
30443
50998
7005
21001
51003
8005
51001
52881
8444
8102
6036
31210
8105
85
20020
9089
20053
38520
10013
10081
43221
8999
5003
18443
8110
18264
8004
51002
20443
2022
8104
8026
9082
51004
20202
20018
10003
9013
13000
20090
8602
50022
20010
7081
3443
45001
12111
8096
10005
8109
9050
9098
10087
8787
8092
29842
8061
44303
50010
6264
42443
2012
20200
8093
5080
62016
9004
843
10006
8113
6008
30008
10049
6503
16000
8383
7100
8017
9302
9988
91
10007
3100
90
7010
8095
10009
9922
30010
20151
9088
40001
8014
20080
10008
2525
10011
8040
12016
7070
8686
6007
9501
9292
5433
9180
12113
3008
52200
28080
7676
7018
50013
20070
22022
189
36505
8101
8023
5100
9011
8058
106
9083
9143
8911
5443
9026
5002
8442
21002
53400
22000
8180
20084
4432
92
1000
6020
18010
9916
50003
9022
9096
8094
30083
8866
20040
10012
18111
30007
19100
8025
9084
18182
18003
9099
9043
9101
6081
19443
9081
9122
21239
45000
14026
10205
60099
12902
18084
8789
400
15443
9997
887
9041
60443
9035
9885
15040
14443
8503
21254
19222
17010
21323
9074
9036
20150
18083
30050
21234
8182
14900
8029
7082
21272
14407
22609
446
50002
9900
9939
9919
21317
11443
21263
44305
50443
50008
8018
21250
21295
8016
22107
21262
18181
21328
21304
21247
18062
21257
8989
447
21311
10101
45333
9015
442
20107
21307
14897
21253
7788
21270
9140
17774
16888
8021
8106
15044
1444
21261
10256
18098
14894
7002
14903
21400
21285
20030
17771
8912
21281
21314
30123
18002
8916
8802
21273
2001
50102
9029
51201
21243
17772
50101
9044
15006
9902
9447
21233
30025
9529
20182
10017
20060
8076
8384
8007
19999
8732
20600
9070
20325
18086
6011
30029
8062
30011
6003
30023
20106
30113
21249
50580
23184
44306
20100
30019
44333
5678
21269
30501
30112
8315
9213
8071
9093
8097
53806
9550
20208
22082
21290
55081
10031
18113
2049
10023
22345
880
21515
8107
52536
30027
9120
8012
44300
5004
50014
53481
10052
8935
22705
886
10014
9005
53480
48020
21310
21329
25084
9198
35522
24808
9047
2444
10019
30104
8103
8446
3690
45555
48889
50160
18888
21278
21313
18000
30120
89
47080
9008
10043
10018
8108
25007
17776
10010
27571
55475
18105
32101
8385
22380
21302
21275
21264
8013
21235
10084
32303
21289
38080
22084
8028
49682
9103
21251
9124
21303
21230
45886
9480
21321
49688
42420
9930
9010
9097
35560
25082
21286
11001
57788
9163
34500
57779
8030
8070
20110
35250
21312
50113
21255
35531
57785
45667
9054
20512
9165
44304
18082
44310
21322
30004
21287
65000
43009
10083
21299
21200
21232
29984
21274
9301
21267
10015
9923
23082
45677
9141
8043
21308
15673
50004
9410
21292
13333
7022
9169
21279
21319
2223
21265
9186
6688
21320
8063
18038
37443
21236
9156
9164
49692
47984
9148
9006
21268
9094
21306
18063
44336
44345
8816
21284
9020
18029
21248
32800
9161
9152
21244
9166
21277
21293
21309
9105
9176